function [y,y1,y2] = F1(x)
y = 3 * x^4 - 4 * x^3 - 12 * x^2;
y1 = 12 * x^3 - 12 * x^2 - 24 * x;
y2 = 36 * x^2 - 24 * x - 24;
end